r_shoulder_pan_calib_ref: -0.74550427
r_shoulder_lift_calib_ref: 0.02804656
r_upper_arm_roll_calib_ref: -1.5587278
r_elbow_flex_calib_ref: -1.15635323
r_forearm_roll_calib_ref: 0.0015972
l_shoulder_pan_calib_ref: 0.8292324115065373
l_shoulder_lift_calib_ref: 0.010297246342958394
l_upper_arm_roll_calib_ref: 1.6061151396429383
l_elbow_flex_calib_ref: -1.3058079906281461
l_forearm_roll_calib_ref: 0.009950479748542698
l_wrist_flex_calib_ref: -0.5260355808628949
l_wrist_roll_calib_ref: -1.5364354189136875
head_pan_calib_ref: 0.0303234
head_tilt_calib_ref: 0.0110223
laser_calib_ref: 0.0
torso_calib_ref: 0.00475
azure_kinect_camera_base_pos_x: 0.005268241992454311
azure_kinect_camera_base_pos_y: -0.004404582827496076
azure_kinect_camera_base_pos_z: 0.006302610174145758
azure_kinect_camera_base_rot_r: 0.005311322495350957
azure_kinect_camera_base_rot_p: -0.023061224950517753
azure_kinect_camera_base_rot_y: -0.0011130130087819996
