r_shoulder_pan_calib_ref: -0.7434811493862543
r_shoulder_lift_calib_ref: 0.020718709217531196
r_upper_arm_roll_calib_ref: -1.5737309200626313
r_elbow_flex_calib_ref: -1.1581115194199842
r_forearm_roll_calib_ref: -0.016898974708903888
l_shoulder_pan_calib_ref: 0.8175381246757201
l_shoulder_lift_calib_ref: -0.0006034710116189917
l_upper_arm_roll_calib_ref: 1.606761550180529
l_elbow_flex_calib_ref: -1.3164566885804685
l_forearm_roll_calib_ref: -0.002200597085745241
l_wrist_flex_calib_ref: -0.5161706519917121
l_wrist_roll_calib_ref: -1.5845387739406525
head_pan_calib_ref: 0.015480068463014635
head_tilt_calib_ref: 0.03374015910628988
laser_calib_ref: 0.0
torso_calib_ref: 0.00475
azure_kinect_camera_base_pos_x: 0.046439199083781725
azure_kinect_camera_base_pos_y: 0.010873822309647299
azure_kinect_camera_base_pos_z: -0.0034401250085261117
azure_kinect_camera_base_rot_r: -0.011229592652682889
azure_kinect_camera_base_rot_p: -0.036835859973993135
azure_kinect_camera_base_rot_y: -0.011355891320667734
